# Generated from the course RV32IM image; byte-addressed.
@00000000
37 01 04 00 97 12 00 00 93 82 c2 f0 17 13 00 00
13 03 43 f0 63 f8 62 00 23 a0 02 00 93 82 42 00
6f f0 5f ff 97 00 00 00 e7 80 80 06 b7 02 00 80
23 a0 a2 00 6f 00 00 00 63 00 06 02 33 06 c5 00
93 07 05 00 03 c7 05 00 93 87 17 00 93 85 15 00
a3 8f e7 fe e3 98 c7 fe 67 80 00 00 63 56 a0 02
13 15 25 00 33 85 a5 00 83 a7 05 00 03 27 06 00
93 85 45 00 13 06 46 00 b3 87 e7 00 23 a0 f6 00
93 86 46 00 e3 92 a5 fe 67 80 00 00 b7 07 00 00
13 01 01 b5 93 87 07 10 13 86 07 4b 93 06 01 00
13 08 06 00 93 85 06 00 03 a7 07 00 03 25 06 00
93 87 47 00 13 06 46 00 33 07 a7 00 23 a0 e5 00
93 85 45 00 e3 92 07 ff b7 17 00 00 93 87 07 a6
13 05 00 00 93 05 c0 12 03 a6 06 00 03 a7 07 00
13 05 15 00 93 86 46 00 63 18 e6 00 93 87 47 00
e3 14 b5 fe 13 05 00 00 13 01 01 4b 67 80 00 00
29 00 00 00 41 03 00 00 34 02 00 00 bb 00 00 00
ed 02 00 00 5e 01 00 00 84 00 00 00 b5 03 00 00
48 02 00 00 25 03 00 00 6d 02 00 00 06 00 00 00
a3 03 00 00 7a 03 00 00 88 01 00 00 b6 02 00 00
c1 03 00 00 6e 00 00 00 74 00 00 00 28 01 00 00
aa 01 00 00 3a 01 00 00 93 02 00 00 06 03 00 00
3f 01 00 00 a6 02 00 00 6b 03 00 00 78 01 00 00
da 01 00 00 aa 03 00 00 1b 02 00 00 39 02 00 00
cb 00 00 00 18 01 00 00 f7 02 00 00 5e 02 00 00
ff 01 00 00 91 02 00 00 c3 00 00 00 51 00 00 00
0b 01 00 00 e5 00 00 00 51 01 00 00 b0 03 00 00
86 03 00 00 f1 00 00 00 91 03 00 00 3a 03 00 00
a5 03 00 00 d9 03 00 00 c3 00 00 00 c0 03 00 00
36 02 00 00 5e 01 00 00 89 02 00 00 91 02 00 00
b5 00 00 00 6f 00 00 00 5b 03 00 00 41 00 00 00
20 01 00 00 5d 01 00 00 8d 00 00 00 89 03 00 00
76 03 00 00 08 01 00 00 40 02 00 00 d3 03 00 00
f9 02 00 00 f1 00 00 00 de 01 00 00 f3 01 00 00
93 01 00 00 de 00 00 00 bc 01 00 00 d1 02 00 00
a4 02 00 00 3d 01 00 00 e0 00 00 00 a9 03 00 00
20 01 00 00 77 00 00 00 67 02 00 00 5e 02 00 00
85 01 00 00 5f 01 00 00 c7 01 00 00 16 01 00 00
6f 01 00 00 66 01 00 00 48 02 00 00 3e 00 00 00
d9 03 00 00 93 01 00 00 5a 01 00 00 05 02 00 00
2f 02 00 00 8c 03 00 00 07 03 00 00 ff 00 00 00
0a 03 00 00 56 02 00 00 8f 00 00 00 21 00 00 00
7d 00 00 00 ad 03 00 00 a5 03 00 00 1f 03 00 00
29 02 00 00 af 01 00 00 88 02 00 00 b8 03 00 00
1f 01 00 00 13 00 00 00 31 00 00 00 56 00 00 00
5f 00 00 00 b9 01 00 00 4b 02 00 00 66 02 00 00
7e 01 00 00 18 01 00 00 28 03 00 00 cb 03 00 00
33 03 00 00 58 01 00 00 c2 01 00 00 00 02 00 00
c5 03 00 00 5b 01 00 00 28 03 00 00 72 03 00 00
19 02 00 00 b2 03 00 00 bd 02 00 00 64 01 00 00
37 02 00 00 7b 03 00 00 16 00 00 00 38 02 00 00
99 02 00 00 a7 01 00 00 b2 01 00 00 9e 00 00 00
02 00 00 00 54 00 00 00 f7 00 00 00 31 00 00 00
b3 01 00 00 18 03 00 00 65 03 00 00 e6 01 00 00
9e 01 00 00 71 01 00 00 24 02 00 00 06 02 00 00
78 03 00 00 aa 02 00 00 1c 01 00 00 08 01 00 00
f3 01 00 00 22 01 00 00 81 03 00 00 d7 00 00 00
db 02 00 00 b0 02 00 00 fb 00 00 00 12 03 00 00
2b 02 00 00 2e 01 00 00 10 02 00 00 20 02 00 00
42 01 00 00 b3 03 00 00 1f 01 00 00 38 03 00 00
30 01 00 00 14 03 00 00 dd 02 00 00 bf 03 00 00
6e 01 00 00 d2 02 00 00 26 01 00 00 cf 03 00 00
8d 02 00 00 ec 02 00 00 5b 00 00 00 7a 01 00 00
69 00 00 00 66 00 00 00 7d 01 00 00 8b 02 00 00
39 03 00 00 48 03 00 00 64 01 00 00 94 00 00 00
36 00 00 00 8c 00 00 00 bb 03 00 00 57 01 00 00
15 02 00 00 f5 02 00 00 09 02 00 00 45 03 00 00
50 02 00 00 0d 00 00 00 ad 00 00 00 3f 00 00 00
79 00 00 00 85 00 00 00 f6 02 00 00 74 01 00 00
b7 03 00 00 27 00 00 00 81 00 00 00 6e 00 00 00
4f 03 00 00 b5 01 00 00 ff 00 00 00 0d 01 00 00
99 01 00 00 74 02 00 00 8f 01 00 00 25 02 00 00
f1 02 00 00 34 02 00 00 ab 00 00 00 13 00 00 00
d7 02 00 00 f5 01 00 00 09 03 00 00 2b 00 00 00
f1 02 00 00 51 00 00 00 ca 00 00 00 55 03 00 00
99 00 00 00 f8 02 00 00 65 01 00 00 af 03 00 00
9a 03 00 00 48 01 00 00 f0 01 00 00 ba 01 00 00
04 02 00 00 81 02 00 00 14 01 00 00 12 03 00 00
71 00 00 00 4a 03 00 00 8b 03 00 00 13 01 00 00
ed 00 00 00 20 00 00 00 10 03 00 00 35 02 00 00
65 01 00 00 23 03 00 00 33 03 00 00 ef 02 00 00
18 01 00 00 55 00 00 00 ca 01 00 00 c6 01 00 00
c6 02 00 00 cb 01 00 00 29 00 00 00 fd 00 00 00
79 01 00 00 fc 01 00 00 bc 02 00 00 5c 03 00 00
e0 01 00 00 e5 02 00 00 f3 01 00 00 c5 02 00 00
31 00 00 00 73 01 00 00 69 03 00 00 b1 03 00 00
e0 03 00 00 0e 02 00 00 d1 02 00 00 b3 01 00 00
e8 00 00 00 f1 01 00 00 b9 02 00 00 1e 00 00 00
5c 01 00 00 fa 00 00 00 5e 01 00 00 fa 00 00 00
3d 02 00 00 10 03 00 00 ed 02 00 00 f6 01 00 00
37 03 00 00 3a 03 00 00 aa 00 00 00 a0 00 00 00
c6 01 00 00 4f 01 00 00 01 00 00 00 dd 03 00 00
6d 01 00 00 3c 02 00 00 40 00 00 00 99 00 00 00
d8 00 00 00 8c 00 00 00 d2 00 00 00 3c 02 00 00
53 01 00 00 51 02 00 00 82 03 00 00 e4 00 00 00
0c 00 00 00 73 03 00 00 ee 02 00 00 86 02 00 00
f4 01 00 00 b4 01 00 00 bd 02 00 00 2c 03 00 00
d5 03 00 00 96 00 00 00 b8 02 00 00 34 02 00 00
10 01 00 00 02 01 00 00 87 02 00 00 fd 01 00 00
58 00 00 00 bf 02 00 00 9d 02 00 00 77 01 00 00
27 02 00 00 a8 03 00 00 50 02 00 00 39 02 00 00
b8 03 00 00 20 03 00 00 48 02 00 00 83 02 00 00
70 01 00 00 e9 01 00 00 48 01 00 00 39 01 00 00
50 02 00 00 84 01 00 00 1f 02 00 00 89 02 00 00
d3 03 00 00 e5 03 00 00 2e 03 00 00 4f 00 00 00
d0 00 00 00 e6 03 00 00 75 02 00 00 4f 03 00 00
c0 02 00 00 e5 03 00 00 fd 00 00 00 cb 02 00 00
ae 01 00 00 9f 01 00 00 1a 02 00 00 bc 02 00 00
04 00 00 00 ee 01 00 00 64 00 00 00 60 03 00 00
b5 02 00 00 a0 01 00 00 28 01 00 00 1d 01 00 00
6c 02 00 00 4e 00 00 00 5f 01 00 00 1c 02 00 00
86 02 00 00 a9 00 00 00 0f 02 00 00 21 01 00 00
1c 03 00 00 21 03 00 00 d0 02 00 00 f6 02 00 00
e9 02 00 00 5c 00 00 00 dd 03 00 00 0f 01 00 00
55 03 00 00 14 03 00 00 13 02 00 00 de 00 00 00
cd 01 00 00 f1 00 00 00 66 01 00 00 4c 01 00 00
ac 02 00 00 e4 02 00 00 be 01 00 00 37 01 00 00
e7 02 00 00 2d 02 00 00 df 01 00 00 2d 02 00 00
9d 03 00 00 1c 03 00 00 65 01 00 00 7b 03 00 00
9a 02 00 00 02 02 00 00 2d 02 00 00 66 03 00 00
55 03 00 00 b8 01 00 00 3d 00 00 00 a6 02 00 00
8c 01 00 00 09 00 00 00 11 00 00 00 aa 00 00 00
23 01 00 00 7c 01 00 00 18 02 00 00 b9 00 00 00
95 03 00 00 1b 02 00 00 d7 03 00 00 77 03 00 00
36 00 00 00 64 02 00 00 b7 03 00 00 df 01 00 00
97 00 00 00 07 00 00 00 81 02 00 00 4f 01 00 00
da 02 00 00 5f 00 00 00 d8 02 00 00 18 01 00 00
8b 01 00 00 b0 02 00 00 8f 03 00 00 dc 01 00 00
2f 03 00 00 d9 02 00 00 09 01 00 00 7f 00 00 00
ec 00 00 00 d6 00 00 00 b4 00 00 00 06 00 00 00
f7 01 00 00 54 02 00 00 ad 00 00 00 83 02 00 00
5a 01 00 00 57 02 00 00 44 00 00 00 51 03 00 00
92 02 00 00 6b 02 00 00 79 00 00 00 83 00 00 00
3c 03 00 00 9b 02 00 00 b1 01 00 00 e7 01 00 00
f1 02 00 00 7d 00 00 00 72 02 00 00 0e 00 00 00
0a 00 00 00 93 01 00 00 6a 00 00 00 bf 02 00 00
32 03 00 00 c4 03 00 00 96 01 00 00 6a 03 00 00
58 03 00 00 56 00 00 00 3c 00 00 00 94 02 00 00
9b 02 00 00 99 00 00 00 79 00 00 00 62 00 00 00
9c 01 00 00 ec 00 00 00 0c 00 00 00 a7 01 00 00
c5 03 00 00 d8 00 00 00 6d 02 00 00 69 01 00 00
99 03 00 00 cb 02 00 00 87 02 00 00 2b 01 00 00
76 03 00 00 aa 02 00 00 24 00 00 00 ed 01 00 00
27 02 00 00 19 02 00 00 c9 03 00 00 83 02 00 00
b2 01 00 00 9f 01 00 00 2f 01 00 00 b6 01 00 00
5c 03 00 00 cb 00 00 00 de 01 00 00 dc 03 00 00
a3 02 00 00 cf 02 00 00 de 03 00 00 52 01 00 00
c2 01 00 00 79 02 00 00 9b 00 00 00 86 02 00 00
c4 01 00 00 ab 01 00 00 fd 01 00 00 dc 03 00 00
aa 01 00 00 0c 00 00 00 e3 01 00 00 8e 00 00 00
53 01 00 00 86 01 00 00 32 00 00 00 ab 00 00 00
59 02 00 00 69 00 00 00 c8 03 00 00 79 00 00 00
6f 03 00 00 51 00 00 00 66 03 00 00 58 02 00 00
5b 02 00 00 67 03 00 00 77 03 00 00 62 02 00 00
94 01 00 00 ea 00 00 00 e9 02 00 00 0e 02 00 00
13 01 00 00 b9 01 00 00 e2 00 00 00 f0 02 00 00
af 03 00 00 d6 02 00 00 c5 02 00 00 c9 00 00 00
36 00 00 00 f6 02 00 00 35 00 00 00 8d 01 00 00
29 00 00 00 8d 00 00 00 a0 01 00 00 eb 02 00 00
db 00 00 00 de 01 00 00 02 03 00 00 b4 00 00 00
e2 01 00 00 b3 02 00 00 d5 02 00 00 ad 00 00 00
ba 00 00 00 92 03 00 00 01 00 00 00 c3 03 00 00
f7 00 00 00 d0 01 00 00 6a 01 00 00 09 02 00 00
e9 00 00 00 78 00 00 00 28 00 00 00 0b 03 00 00
c3 00 00 00 a1 00 00 00 e7 02 00 00 b7 01 00 00
63 01 00 00 93 01 00 00 8d 00 00 00 79 02 00 00
ef 01 00 00 90 04 00 00 35 02 00 00 98 04 00 00
5a 04 00 00 9a 03 00 00 c4 00 00 00 4e 04 00 00
20 03 00 00 b1 03 00 00 3f 03 00 00 42 02 00 00
f6 04 00 00 cb 05 00 00 0a 05 00 00 9a 03 00 00
cd 03 00 00 e1 03 00 00 62 03 00 00 ae 03 00 00
9e 03 00 00 ee 02 00 00 50 05 00 00 32 06 00 00
14 05 00 00 3c 03 00 00 23 06 00 00 ac 03 00 00
ea 02 00 00 ac 04 00 00 a2 04 00 00 36 04 00 00
23 01 00 00 d7 03 00 00 94 05 00 00 d5 03 00 00
26 04 00 00 39 06 00 00 13 03 00 00 8a 02 00 00
c3 04 00 00 05 04 00 00 99 03 00 00 33 06 00 00
f6 04 00 00 da 02 00 00 d9 04 00 00 73 04 00 00
f5 05 00 00 5d 05 00 00 e2 02 00 00 49 06 00 00
09 06 00 00 43 05 00 00 b7 05 00 00 e0 02 00 00
85 01 00 00 55 04 00 00 d0 05 00 00 90 03 00 00
e0 03 00 00 42 05 00 00 8a 01 00 00 54 06 00 00
24 05 00 00 a7 02 00 00 5a 04 00 00 8f 06 00 00
fd 02 00 00 df 02 00 00 42 02 00 00 53 05 00 00
48 04 00 00 7e 02 00 00 e4 02 00 00 ee 03 00 00
10 05 00 00 8b 01 00 00 3f 02 00 00 c5 05 00 00
a6 03 00 00 20 01 00 00 76 04 00 00 7f 03 00 00
a1 04 00 00 80 04 00 00 97 04 00 00 0c 04 00 00
58 04 00 00 c2 01 00 00 25 06 00 00 4d 01 00 00
2e 07 00 00 a7 04 00 00 6d 03 00 00 e3 02 00 00
fc 03 00 00 7d 04 00 00 6d 04 00 00 4b 02 00 00
b6 05 00 00 3a 05 00 00 4d 02 00 00 58 01 00 00
64 03 00 00 da 05 00 00 84 05 00 00 4c 05 00 00
c6 05 00 00 cb 04 00 00 ed 03 00 00 33 07 00 00
b9 03 00 00 15 02 00 00 5e 02 00 00 bc 03 00 00
b4 03 00 00 71 03 00 00 88 02 00 00 0c 05 00 00
0a 03 00 00 21 01 00 00 39 03 00 00 75 04 00 00
56 04 00 00 d4 02 00 00 da 03 00 00 b9 02 00 00
5a 07 00 00 76 03 00 00 ff 06 00 00 e9 06 00 00
4f 02 00 00 16 06 00 00 74 06 00 00 43 03 00 00
ce 02 00 00 82 03 00 00 97 02 00 00 87 03 00 00
73 05 00 00 06 02 00 00 8a 04 00 00 b6 01 00 00
8d 01 00 00 04 03 00 00 86 04 00 00 0d 02 00 00
e2 04 00 00 f1 05 00 00 6e 04 00 00 65 02 00 00
8a 02 00 00 47 02 00 00 d8 02 00 00 0c 02 00 00
6f 05 00 00 fe 04 00 00 c9 01 00 00 8b 03 00 00
4d 03 00 00 79 03 00 00 c5 03 00 00 28 04 00 00
6d 05 00 00 1b 05 00 00 74 01 00 00 95 03 00 00
67 05 00 00 c9 03 00 00 c1 03 00 00 07 04 00 00
33 04 00 00 30 04 00 00 91 03 00 00 46 03 00 00
3a 01 00 00 a7 04 00 00 47 03 00 00 7e 06 00 00
a0 04 00 00 96 06 00 00 bc 02 00 00 39 07 00 00
e5 05 00 00 42 03 00 00 97 00 00 00 0e 04 00 00
04 03 00 00 ff 00 00 00 f6 01 00 00 ed 02 00 00
d5 04 00 00 34 04 00 00 70 01 00 00 3b 02 00 00
fb 03 00 00 64 01 00 00 28 06 00 00 c0 02 00 00
ae 05 00 00 c0 05 00 00 90 04 00 00 70 04 00 00
c6 05 00 00 b7 02 00 00 d1 00 00 00 2c 02 00 00
a0 02 00 00 9e 02 00 00 bf 06 00 00 f7 03 00 00
69 05 00 00 c6 01 00 00 b0 01 00 00 24 02 00 00
ab 06 00 00 80 02 00 00 dd 02 00 00 e9 04 00 00
3c 04 00 00 43 05 00 00 6d 05 00 00 77 03 00 00
b3 04 00 00 ad 04 00 00 46 01 00 00 99 02 00 00
9b 04 00 00 a0 03 00 00 06 05 00 00 07 04 00 00
9b 04 00 00 5d 00 00 00 ad 02 00 00 e3 03 00 00
ec 01 00 00 7e 04 00 00 97 01 00 00 5a 04 00 00
f3 05 00 00 b1 01 00 00 b8 05 00 00 33 02 00 00
73 05 00 00 d2 02 00 00 7a 04 00 00 6a 05 00 00
cc 02 00 00 b1 06 00 00 02 07 00 00 75 03 00 00
81 02 00 00 0a 01 00 00 f9 05 00 00 43 04 00 00
78 02 00 00 dc 04 00 00 15 04 00 00 df 05 00 00
c7 04 00 00 2b 03 00 00 8f 04 00 00 8f 02 00 00
fc 02 00 00 c1 04 00 00 5e 00 00 00 8a 02 00 00
a2 01 00 00 89 02 00 00 5c 04 00 00 47 06 00 00
bb 02 00 00 c3 04 00 00 f5 04 00 00 79 03 00 00
13 02 00 00 26 04 00 00 3e 06 00 00 5e 04 00 00
9a 04 00 00 a0 05 00 00 d2 02 00 00 76 05 00 00
df 01 00 00 c1 03 00 00 23 04 00 00 27 02 00 00
45 02 00 00 72 01 00 00 86 01 00 00 05 04 00 00
00 03 00 00 b1 03 00 00 d4 05 00 00 ad 03 00 00
9a 04 00 00 cd 04 00 00 37 01 00 00 19 03 00 00
